1001 6.800000 0.000000 2.000000 2001  
1002 7.000000 6.000000 2.000000 2002  
1003 6.000000 12.000000 2.000000 2003  
1004 -5.700000 0.000000 2.000000 2001  
1005 -6.000000 6.000000 2.000000 2002  
1006 -4.000000 12.000000 2.000000 2003  
2001 0.000000 0.000000 2.000000 1001  2002  1004  2007  
2002 0.000000 6.000000 2.000000 2001  2003  1002  1005  
2003 0.000000 12.000000 2.000000 2002  2004  1003  1006  
2004 0.000000 17.000000 2.000000 2003  2005  
2005 -12.000000 16.000000 2.000000 2004  2006  2008  2009  
2006 -11.000000 -5.000000 2.000000 2005  2007  
2007 0.000000 -5.000000 2.000000 2006  2001  
2008 -16.200000 15.600000 2.000000 5001  2009  2005  
2009 -15.000000 21.700000 2.000000 2008  2010  2005  3001  3002  
2010 -15.000000 26.800000 2.000000 2009  2011  4001  4002  
2011 -15.000000 32.000000 2.000000 2010  4001  4002  
3001 -19.000000 21.000000 2.000000 2009  
3002 -10.000000 21.000000 2.000000 2009  
4001 -21.000000 29.400000 2.000000 2010  2011  
4002 -8.200000 29.000000 2.000000 2010  2011  
5001 -16.580000 12.000000 2.000000 2008  
